Script started on 2025-11-21 14:39:44+00:00 [TERM="xterm" TTY="/dev/pts/1" COLUMNS="99" LINES="12"]
[?2004hsh-5.1# [7mvmstat 2 8[27m
[Ash-5.1# vmstat 2 8
[A
[?2004lprocs -----------memory---------- ---swap-- -----io---- -system-- ------cpu-----
 r  b   swpd   free   buff  cache   si   so    bi    bo   in   cs us sy id wa st
 1  0      0 6740032   1968 463412    0    0     2     0    9    8  0  0 100  0  0
 0  0      0 6737860   1968 463736    0    0     0     0   27  236  0  0 100  0  0
 0  0      0 6737860   1968 463736    0    0     0     0   26  294  0  0 100  0  0
 0  0      0 6737860   1968 463736    0    0     0     0   18  223  0  0 100  0  0
 0  0      0 6737860   1968 463736    0    0     0     0   18  212  0  0 100  0  0
 0  0      0 6737860   1968 463736    0    0     0     0   23  226  0  0 100  0  0
 0  0      0 6739912   1968 463736    0    0     0     0   18  206  0  0 100  0  0
 0  0      0 6739912   1968 463736    0    0     0     0   28  246  0  0 100  0  0
[?2004hsh-5.1# exit
[?2004lexit

Script done on 2025-11-21 14:40:20+00:00 [COMMAND_EXIT_CODE="0"]
